ParName   Value   Gradient
log_rec_dev(1932)  -0.00783003  1.07109e-06
log_rec_dev(1933)  -0.00877422  4.21843e-07
log_rec_dev(1934)  -0.00983077  1.22829e-06
log_rec_dev(1935)   -0.0110101  1.33193e-06
log_rec_dev(1936)   -0.0122624  1.98502e-07
log_rec_dev(1937)   -0.0136619  2.44863e-07
log_rec_dev(1938)   -0.0152391 -5.26406e-07
log_rec_dev(1939)   -0.0169982  4.42965e-07
log_rec_dev(1940)    -0.018919  2.72355e-07
log_rec_dev(1941)   -0.0210393  5.58604e-08
log_rec_dev(1942)   -0.0233919 -7.34748e-08
log_rec_dev(1943)    -0.025955  5.80275e-08
log_rec_dev(1944)   -0.0287536 -7.66382e-07
log_rec_dev(1945)   -0.0317999 -1.35552e-06
log_rec_dev(1946)   -0.0350873 -1.97227e-06
log_rec_dev(1947)   -0.0385854 -3.28412e-07
log_rec_dev(1948)   -0.0422641 -4.14683e-08
log_rec_dev(1949)   -0.0460556  2.71484e-07
log_rec_dev(1950)   -0.0498209 -1.63375e-06
log_rec_dev(1951)   -0.0533899 -1.30411e-06
log_rec_dev(1952)   -0.0565246 -2.48484e-06
log_rec_dev(1953)   -0.0587532  4.92826e-07
log_rec_dev(1954)    -0.059313  1.46401e-08
log_rec_dev(1955)   -0.0569468 -1.03909e-07
log_rec_dev(1956)   -0.0502568 -6.60438e-07
log_rec_dev(1957)    -0.037001 -4.00872e-07
log_rec_dev(1958)   -0.0146367 -9.53842e-07
log_rec_dev(1959)    0.0193634  5.39256e-07
log_rec_dev(1960)    0.0669652  9.72102e-07
log_rec_dev(1961)     0.126623 -1.71083e-06
log_rec_dev(1962)     0.192364  6.25334e-06
log_rec_dev(1963)     0.251288  3.08708e-06
log_rec_dev(1964)     0.285133 -1.00302e-06
log_rec_dev(1965)     0.298114  3.71182e-06
log_rec_dev(1966)     0.249842  3.40354e-06
log_rec_dev(1967)     0.163922 -7.38125e-07
log_rec_dev(1968)    0.0662832  3.37051e-06
log_rec_dev(1969)   -0.0252062  3.58807e-06
log_rec_dev(1970)    -0.114674  1.79885e-06
log_rec_dev(1971)    -0.200483  4.47385e-06
log_rec_dev(1972)    -0.272951  2.89651e-06
log_rec_dev(1973)    -0.325053  4.75572e-06
log_rec_dev(1974)    -0.334609  5.64136e-06
log_rec_dev(1975)     -1.08646  2.75547e-06
log_rec_dev(1976)    -0.933473    6.096e-06
log_rec_dev(1977)     -0.86437  6.03726e-06
log_rec_dev(1978)    -0.605403  9.91208e-06
log_rec_dev(1979)      1.10582   7.0165e-05
log_rec_dev(1980)     0.609227  4.01952e-05
log_rec_dev(1981)   -0.0531435  2.22692e-05
log_rec_dev(1982)      1.04689  6.92234e-05
log_rec_dev(1983)      0.67439  5.23921e-05
log_rec_dev(1984)    -0.374078  1.51751e-05
log_rec_dev(1985)    -0.253852  1.96817e-05
log_rec_dev(1986)     0.397548  3.72034e-05
log_rec_dev(1987)    -0.549846  1.05221e-05
log_rec_dev(1988)    -0.865471  1.07974e-05
log_rec_dev(1989)    -0.691371  1.22205e-05
log_rec_dev(1990)   -0.0645125  1.77753e-05
log_rec_dev(1991)     0.541243  2.74247e-05
log_rec_dev(1992)     -0.64135  7.11257e-06
log_rec_dev(1993)     0.615112  2.67897e-05
log_rec_dev(1994)    -0.727205  7.35061e-06
log_rec_dev(1995)    -0.630099  1.01664e-05
log_rec_dev(1996)    -0.105955  2.21585e-05
log_rec_dev(1997)      0.42226  3.77546e-05
log_rec_dev(1998)    -0.351501  1.49984e-05
log_rec_dev(1999)      1.00571  6.51681e-05
log_rec_dev(2000)     0.155719  2.11764e-05
log_rec_dev(2001)     0.165598  1.62034e-05
log_rec_dev(2002)      1.16028  1.45128e-05
log_rec_dev(2003)   -0.0273337 -6.96964e-06
log_rec_dev(2004)    -0.329033  -2.4537e-06
log_rec_dev(2005)    -0.114974 -4.91195e-06
log_rec_dev(2006)    -0.609421 -4.31739e-06
log_rec_dev(2007)    -0.263033 -1.18397e-05
log_rec_dev(2008)     -0.34401 -1.21658e-05
log_rec_dev(2009)     0.150526 -2.19432e-05
log_rec_dev(2010)     0.467613 -2.84229e-05
log_rec_dev(2011)    -0.298054 -1.43159e-05
log_rec_dev(2012)    -0.159717 -1.08338e-05
log_rec_dev(2013)     -1.11545 -2.49137e-06
log_rec_dev(2014)    -0.596283 -2.86212e-06
log_rec_dev(2015)    0.0755583  -2.5975e-06
log_rec_dev(2016)      1.30422 -2.15001e-06
log_rec_dev(2017)     0.471882 -1.23946e-06
log_rec_dev(2018)      1.96189 -6.98725e-06
log_rec_dev(2019)      1.68418  1.38199e-06
log_rec_dev(2020)     0.817694 -3.94187e-07
log_rec_dev(2021)      1.24509    1.402e-06
log_rec_dev(2022)     0.490084 -1.54194e-06
log_mean_rec       3.2504  0.000305854
log_sigr     0.136787 -4.05911e-05
logm     -2.18425 -0.000150237
log_avg_F_fish1     -2.97274 -0.000107291
log_F_devs_fish1(1960)     -2.04237  2.68423e-07
log_F_devs_fish1(1961)    -0.385693  8.81616e-07
log_F_devs_fish1(1962)     0.138914  5.20525e-07
log_F_devs_fish1(1963)    -0.749093  3.44979e-06
log_F_devs_fish1(1964)     -1.91358  2.19726e-07
log_F_devs_fish1(1965)     -3.22096  4.56166e-06
log_F_devs_fish1(1966)     -1.79299 -2.12604e-06
log_F_devs_fish1(1967)     -1.76812  2.37035e-06
log_F_devs_fish1(1968)    -0.707676  8.40759e-07
log_F_devs_fish1(1969)    -0.363892  9.91517e-07
log_F_devs_fish1(1970)    0.0617494  9.31134e-07
log_F_devs_fish1(1971)     0.126154  4.78524e-07
log_F_devs_fish1(1972)     0.421851 -1.82006e-06
log_F_devs_fish1(1973)     0.300699  -4.0063e-06
log_F_devs_fish1(1974)     0.472571  1.43902e-06
log_F_devs_fish1(1975)     0.461049 -4.27665e-06
log_F_devs_fish1(1976)     0.635017 -5.11329e-06
log_F_devs_fish1(1977)     0.410888 -2.77298e-06
log_F_devs_fish1(1978)    -0.279527 -2.08632e-06
log_F_devs_fish1(1979)     -0.15072 -3.38406e-06
log_F_devs_fish1(1980)    -0.375253  4.99975e-06
log_F_devs_fish1(1981)    -0.136899 -3.34803e-06
log_F_devs_fish1(1982)    -0.261521 -1.25297e-06
log_F_devs_fish1(1983)    -0.345096   2.4658e-07
log_F_devs_fish1(1984)    -0.401279 -7.25907e-08
log_F_devs_fish1(1985)    -0.233574  3.43532e-07
log_F_devs_fish1(1986)     0.212919  -4.3625e-06
log_F_devs_fish1(1987)     0.450747  -2.3741e-06
log_F_devs_fish1(1988)     0.551458 -4.06642e-06
log_F_devs_fish1(1989)     0.563226 -6.63851e-06
log_F_devs_fish1(1990)     0.544075 -4.60939e-06
log_F_devs_fish1(1991)     0.485654  -6.0064e-06
log_F_devs_fish1(1992)      0.42488 -5.06087e-06
log_F_devs_fish1(1993)     0.556605 -5.15291e-06
log_F_devs_fish1(1994)     0.531159  -4.0763e-06
log_F_devs_fish1(1995)     0.339874  2.28914e-07
log_F_devs_fish1(1996)     0.235435 -1.84739e-06
log_F_devs_fish1(1997)     0.152088 -1.46704e-06
log_F_devs_fish1(1998)     0.176028 -4.42295e-07
log_F_devs_fish1(1999)     0.172707  8.33115e-07
log_F_devs_fish1(2000)     0.361316 -1.82767e-07
log_F_devs_fish1(2001)     0.277931  1.15431e-06
log_F_devs_fish1(2002)     0.279118  2.53949e-07
log_F_devs_fish1(2003)     0.386403  1.52985e-06
log_F_devs_fish1(2004)     0.448703 -2.59673e-06
log_F_devs_fish1(2005)     0.348876   8.2496e-07
log_F_devs_fish1(2006)     0.289202 -1.28772e-06
log_F_devs_fish1(2007)     0.335199 -1.42563e-06
log_F_devs_fish1(2008)     0.281331  1.33486e-06
log_F_devs_fish1(2009)     0.222114 -4.95132e-07
log_F_devs_fish1(2010)     0.184906  7.17121e-07
log_F_devs_fish1(2011)     0.308935 -1.36997e-07
log_F_devs_fish1(2012)     0.406964 -2.99351e-06
log_F_devs_fish1(2013)     0.409603 -1.87765e-06
log_F_devs_fish1(2014)       0.2518 -3.12737e-06
log_F_devs_fish1(2015)     0.227933 -4.05203e-06
log_F_devs_fish1(2016)    0.0364781 -2.64679e-06
log_F_devs_fish1(2017)    0.0914703 -3.61809e-06
log_F_devs_fish1(2018)   -0.0127218   -4.661e-06
log_F_devs_fish1(2019)    -0.145448 -2.74443e-06
log_F_devs_fish1(2020)    -0.386584 -3.16712e-06
log_F_devs_fish1(2021)    -0.234838 -3.85592e-06
log_F_devs_fish1(2022)    -0.109376 -1.88016e-07
log_F_devs_fish1(2023)    -0.300276 -3.75241e-06
log_avg_F_fish3     -4.48218  0.000136474
log_F_devs_fish3(1963)     0.212377   4.2663e-06
log_F_devs_fish3(1964)    -0.257052  2.43089e-06
log_F_devs_fish3(1965)     0.379846  1.92672e-06
log_F_devs_fish3(1966)     0.770146  1.33267e-06
log_F_devs_fish3(1967)      1.01976 -2.55297e-06
log_F_devs_fish3(1968)      1.28477 -1.59653e-06
log_F_devs_fish3(1969)       1.3919  1.22548e-06
log_F_devs_fish3(1970)      1.09187 -5.86035e-07
log_F_devs_fish3(1971)      1.46084 -1.61855e-06
log_F_devs_fish3(1972)       1.7186 -3.71401e-06
log_F_devs_fish3(1973)      1.22452 -3.55611e-08
log_F_devs_fish3(1974)     0.887198 -8.34208e-07
log_F_devs_fish3(1975)     0.642497  2.42104e-06
log_F_devs_fish3(1976)      0.68298  7.40361e-07
log_F_devs_fish3(1977)    -0.159121 -4.82139e-07
log_F_devs_fish3(1978)    -0.837831  1.27898e-06
log_F_devs_fish3(1979)    -0.678775  2.26384e-06
log_F_devs_fish3(1980)    -0.501818  2.03391e-06
log_F_devs_fish3(1981)    -0.826106  1.04006e-06
log_F_devs_fish3(1982)    -0.834397  1.69358e-06
log_F_devs_fish3(1983)      -1.0664  2.87899e-06
log_F_devs_fish3(1984)    -0.281268  3.39172e-06
log_F_devs_fish3(1985)     -1.24059   2.7697e-06
log_F_devs_fish3(1986)     0.335191  3.65029e-06
log_F_devs_fish3(1987)      0.42123  3.74449e-06
log_F_devs_fish3(1988)     0.685007   3.6479e-06
log_F_devs_fish3(1989)     0.576795  1.29233e-06
log_F_devs_fish3(1990)     0.242938  3.46428e-06
log_F_devs_fish3(1991)   -0.0822517  5.38003e-06
log_F_devs_fish3(1992)   -0.0609393  4.40752e-06
log_F_devs_fish3(1993)    -0.143932  6.02795e-06
log_F_devs_fish3(1994)    0.0814953  4.03496e-06
log_F_devs_fish3(1995)    0.0325651  3.95057e-06
log_F_devs_fish3(1996)   -0.0782812  5.42175e-06
log_F_devs_fish3(1997)    -0.326788 -1.29319e-06
log_F_devs_fish3(1998)    -0.382419  3.51477e-06
log_F_devs_fish3(1999)    -0.111903   2.4309e-06
log_F_devs_fish3(2000)    -0.116616  5.59222e-06
log_F_devs_fish3(2001)    -0.265054  9.63902e-07
log_F_devs_fish3(2002)     -0.10359  3.91277e-06
log_F_devs_fish3(2003)    -0.236318  2.09043e-06
log_F_devs_fish3(2004)     -0.47428   3.4711e-06
log_F_devs_fish3(2005)    -0.534865  3.27061e-06
log_F_devs_fish3(2006)    -0.730422  3.24225e-06
log_F_devs_fish3(2007)    -0.696888   3.4059e-06
log_F_devs_fish3(2008)    -0.738389  3.55435e-06
log_F_devs_fish3(2009)    -0.752914  3.66321e-06
log_F_devs_fish3(2010)     -0.78301 -4.38247e-07
log_F_devs_fish3(2011)    -0.601102  5.16719e-06
log_F_devs_fish3(2012)    -0.642042 -2.41558e-06
log_F_devs_fish3(2013)    -0.661425 -2.44758e-06
log_F_devs_fish3(2014)     -0.62297  -1.3411e-06
log_F_devs_fish3(2015)    -0.524125   2.2993e-06
log_F_devs_fish3(2016)    -0.377823  3.25742e-06
log_F_devs_fish3(2017)    0.0792646  2.09308e-06
log_F_devs_fish3(2018)     0.383101 -5.48884e-07
log_F_devs_fish3(2019)     0.439089 -9.88969e-07
log_F_devs_fish3(2020)     0.608833   2.7337e-06
log_F_devs_fish3(2021)   -0.0125199  7.49346e-07
log_F_devs_fish3(2022)   -0.0418689 -2.44946e-07
log_F_devs_fish3(2023)     0.133275  4.67298e-06
log_q_srv1      1.86524  9.08732e-05
log_q_srv2      1.53408  3.56622e-05
log_q_srv6      1.58465 -1.97828e-05
log_q_srv7    -0.148859  1.53664e-06
log_q_srv8     -6.52288  3.07724e-05
log_q_LL_fish_recent     -7.22572 -8.26658e-06
log_a50_fish1_f      1.42265   1.1912e-05
log_delta_fish1_f    -0.688079 -1.97284e-06
log_a50_fish1_m      1.93387  1.07857e-05
log_a50_fish3_f      1.77351  1.14785e-06
log_delta_fish3_f      2.33361  1.82704e-05
log_a50_fish3_m      2.10596 -4.09102e-06
log_a50_fish4_f      1.22187  1.16226e-05
log_delta_fish4_f     0.539156  3.32677e-06
log_a50_fish4_m      1.49073  6.05314e-06
log_delta_fish4_m   -0.0959893  3.29857e-06
log_a50_fish5_f     0.661437  -2.3297e-06
log_delta_fish5_f     0.809707 -8.77423e-07
log_a50_fish5_m       1.0702 -9.82765e-08
log_delta_fish5_m    -0.387176 -2.85042e-06
log_a50_srv1_f      1.08823 -9.65356e-06
log_delta_srv1_f      1.04384 -3.89143e-06
log_a50_srv1_m     0.971404 -1.20739e-05
log_delta_srv1_m      0.84302 -5.24951e-06
log_a50_srv7_f    -0.397869  1.77311e-06
log_a50_srv7_m     -1.32134  6.94654e-07
log_a50_srv10_f         0.63  1.03315e-06
log_a50_srv10_m     0.559464  2.16396e-06
